35
20
m 0 19
0 34 0
1 0 0
2 34 19
w 0 9
w 0 10
w 1 1
w 1 2
w 1 4
w 1 5
w 1 6
w 1 7
w 1 9
w 1 10
w 1 12
w 1 13
w 1 14
w 1 16
w 1 17
w 1 18
w 2 1
w 2 2
w 2 4
w 2 5
w 2 6
w 2 7
w 2 9
w 2 10
w 2 18
w 3 1
w 3 2
w 3 4
w 3 5
w 3 12
w 3 14
w 3 16
w 3 18
w 4 1
w 4 2
w 4 4
w 4 5
w 4 7
w 4 9
w 4 10
w 4 12
w 4 14
w 4 16
w 4 18
w 5 1
w 5 2
w 5 7
w 5 9
w 5 10
w 5 12
w 5 14
w 5 16
w 5 18
w 6 1
w 6 2
w 6 4
w 6 5
w 6 7
w 6 12
w 6 14
w 6 16
w 6 18
w 7 4
w 7 5
w 7 7
w 7 8
w 7 10
w 7 12
w 7 14
w 7 16
w 8 1
w 8 2
w 8 4
w 8 5
w 8 7
w 8 8
w 8 10
w 8 12
w 8 16
w 8 18
w 9 1
w 9 8
w 9 10
w 9 12
w 9 14
w 9 16
w 9 18
w 10 1
w 10 3
w 10 4
w 10 6
w 10 8
w 10 10
w 10 12
w 10 14
w 10 16
w 10 18
w 11 1
w 11 3
w 11 4
w 11 6
w 11 14
w 11 16
w 11 18
w 12 1
w 12 3
w 12 4
w 12 6
w 12 8
w 12 9
w 12 10
w 12 11
w 12 12
w 12 14
w 12 18
w 13 1
w 13 6
w 13 14
w 13 16
w 13 18
w 14 1
w 14 3
w 14 5
w 14 6
w 14 8
w 14 10
w 14 12
w 14 14
w 14 16
w 14 18
w 15 1
w 15 3
w 15 5
w 15 6
w 15 8
w 15 10
w 15 12
w 15 14
w 15 16
w 15 18
w 16 3
w 16 5
w 16 6
w 16 8
w 16 10
w 16 12
w 17 0
w 17 1
w 17 2
w 17 3
w 17 8
w 17 12
w 17 13
w 17 15
w 17 16
w 17 18
w 17 19
w 18 3
w 18 5
w 18 6
w 18 8
w 18 10
w 18 12
w 19 1
w 19 3
w 19 5
w 19 6
w 19 8
w 19 10
w 19 12
w 19 14
w 19 16
w 19 18
w 20 1
w 20 3
w 20 5
w 20 6
w 20 8
w 20 10
w 20 12
w 20 14
w 20 16
w 20 18
w 21 1
w 21 6
w 21 14
w 21 16
w 21 18
w 22 1
w 22 3
w 22 4
w 22 6
w 22 8
w 22 9
w 22 10
w 22 11
w 22 12
w 22 14
w 22 18
w 23 1
w 23 3
w 23 4
w 23 6
w 23 14
w 23 16
w 23 18
w 24 1
w 24 3
w 24 4
w 24 6
w 24 8
w 24 10
w 24 12
w 24 14
w 24 16
w 24 18
w 25 1
w 25 8
w 25 10
w 25 12
w 25 14
w 25 16
w 25 18
w 26 1
w 26 2
w 26 4
w 26 5
w 26 7
w 26 8
w 26 10
w 26 12
w 26 16
w 26 18
w 27 4
w 27 5
w 27 7
w 27 8
w 27 10
w 27 12
w 27 14
w 27 16
w 28 1
w 28 2
w 28 4
w 28 5
w 28 7
w 28 12
w 28 14
w 28 16
w 28 18
w 29 1
w 29 2
w 29 7
w 29 9
w 29 10
w 29 12
w 29 14
w 29 16
w 29 18
w 30 1
w 30 2
w 30 4
w 30 5
w 30 7
w 30 9
w 30 10
w 30 12
w 30 14
w 30 16
w 30 18
w 31 1
w 31 2
w 31 4
w 31 5
w 31 12
w 31 14
w 31 16
w 31 18
w 32 1
w 32 2
w 32 4
w 32 5
w 32 6
w 32 7
w 32 9
w 32 10
w 32 18
w 33 1
w 33 2
w 33 4
w 33 5
w 33 6
w 33 7
w 33 9
w 33 10
w 33 12
w 33 13
w 33 14
w 33 16
w 33 17
w 33 18
w 34 9
w 34 10
p 7 17
p 22 17
p 30 0
p 14 13
p 5 19
p 13 8
p 29 4
p 13 17
p 21 0
p 21 9
p 27 6
p 3 6
p 19 2
p 3 15
p 19 11
p 11 7
p 1 8
p 34 5
p 34 14
p 17 7
p 9 3
p 0 0
p 15 0
p 32 16
p 33 15
p 15 9
p 6 6
p 25 11
p 16 17
p 32 19
p 31 8
p 22 5
p 31 17
p 23 13
p 30 6
p 14 19
p 13 5
p 29 13
p 3 3
p 20 19
p 12 15
p 28 11
p 4 11
p 27 15
p 10 17
p 18 0
p 26 13
p 2 13
p 18 9
p 18 18
p 34 2
p 34 11
p 17 4
p 9 0
p 9 9
p 33 3
p 24 0
p 32 13
p 8 13
p 24 9
p 7 2
p 0 18
p 25 17
p 16 14
p 7 11
p 22 2
p 6 15
p 23 10
p 14 7
p 5 4
p 23 19
p 5 13
p 13 2
p 30 15
p 13 11
p 20 7
p 3 0
p 29 19
p 21 15
p 3 9
p 4 8
p 27 3
p 4 17
p 10 5
p 19 17
p 1 11
p 11 13
p 2 19
p 33 0
p 0 6
p 25 5
p 8 19
p 16 2
p 0 15
p 6 3
p 15 15
p 31 11
p 23 7
p 14 4
p 30 3
p 20 4
p 21 3
p 12 0
p 20 13
p 21 12
p 27 0
p 27 9
p 28 8
p 10 2
p 27 18
p 28 17
p 10 11
p 11 10
p 11 19
p 2 16
p 26 19
p 18 15
p 34 8
p 34 17
p 17 10
p 9 6
p 0 3
p 25 2
p 9 15
p 0 12
p 6 0
p 24 15
p 6 9
p 16 11
t 1750 0
m 0 18
0 33 0
1 1 0
2 33 19
t 1749 0.7751937984496124
m 0 18
0 34 0
1 2 0
2 32 19
t 1748 0.7751937984496124
m 0 19
0 34 1
1 1 0
2 31 19
t 1747 0.7751937984496124
m 1 19
0 34 0
1 2 0
2 30 19
t 1746 0.7751937984496124
m 0 19
0 34 1
1 3 0
2 29 19
t 1745 0.7751937984496124
m 1 19
0 34 2
1 2 0
2 30 19
t 1744 0.7751937984496124
m 2 19
0 34 1
1 3 0
2 31 19
t 1743 1.550387596899225
m 2 19
0 34 0
1 4 0
2 30 19
t 1742 1.550387596899225
m 1 19
0 33 0
1 5 0
2 29 19
t 1741 1.550387596899225
m 2 19
0 34 0
1 6 0
2 28 19
t 1740 1.550387596899225
m 3 19
0 34 1
1 7 0
2 27 19
t 1739 1.550387596899225
m 3 19
0 34 2
1 8 0
2 27 18
t 1738 1.550387596899225
m 2 19
0 34 1
1 9 0
2 27 17
t 1737 1.550387596899225
m 2 19
0 34 2
1 10 0
2 26 17
t 1736 1.550387596899225
m 1 19
0 34 3
1 11 0
2 27 17
t 1735 1.550387596899225
m 1 19
0 33 3
1 12 0
2 26 17
t 1734 1.550387596899225
m 2 19
0 32 3
1 11 0
2 25 17
t 1733 1.550387596899225
m 3 19
0 33 3
1 10 0
2 26 17
t 1732 1.550387596899225
m 4 19
0 34 3
1 9 0
2 27 17
t 1731 1.550387596899225
m 4 19
0 34 4
1 8 0
2 28 17
t 1730 1.550387596899225
m 4 19
0 34 5
1 9 0
2 27 17
t 1729 1.550387596899225
m 4 19
0 34 6
1 8 0
2 27 18
t 1728 1.550387596899225
m 3 19
0 34 5
1 9 0
2 27 19
t 1727 1.550387596899225
m 2 19
0 34 4
1 8 0
2 27 18
t 1726 1.550387596899225
m 2 19
0 34 3
1 9 0
2 27 17
t 1725 1.550387596899225
m 1 19
0 34 4
1 10 0
2 28 17
t 1724 1.550387596899225
m 1 19
0 34 5
1 9 0
2 27 17
t 1723 1.550387596899225
m 2 19
0 34 4
1 8 0
2 26 17
t 1722 1.550387596899225
m 2 19
0 34 3
1 9 0
2 25 17
t 1721 1.550387596899225
m 2 19
0 34 2
1 10 0
2 26 17
t 1720 1.550387596899225
m 1 19
0 34 1
1 11 0
2 25 17
t 1719 1.550387596899225
m 2 19
0 34 0
1 12 0
2 26 17
t 1718 1.550387596899225
m 3 19
0 34 1
1 11 0
2 27 17
t 1717 1.550387596899225
m 4 19
0 34 2
1 10 0
2 27 18
t 1716 1.550387596899225
m 3 19
0 34 3
1 11 0
2 27 19
t 1715 1.550387596899225
m 4 19
0 34 4
1 10 0
2 26 19
t 1714 1.550387596899225
m 3 19
0 34 3
1 11 0
2 25 19
t 1713 1.550387596899225
m 2 19
0 34 4
1 12 0
2 26 19
t 1712 1.550387596899225
m 1 19
0 34 3
1 13 0
2 25 19
t 1711 1.550387596899225
m 0 19
0 33 3
1 14 0
2 24 19
t 1710 1.550387596899225
m 0 19
0 34 3
1 15 0
2 23 19
t 1709 1.550387596899225
m 0 19
0 33 3
1 16 0
2 22 19
t 1708 1.550387596899225
m 0 18
0 34 3
1 16 1
2 23 19
t 1707 1.550387596899225
m 0 18
0 34 4
1 16 0
2 24 19
t 1706 1.550387596899225
m 0 18
0 34 5
1 16 1
2 23 19
t 1705 1.550387596899225
m 0 18
0 34 6
1 16 0
2 22 19
t 1704 1.550387596899225
m 0 17
0 34 7
1 15 0
2 23 19
t 1703 1.550387596899225
m 0 18
0 34 8
1 14 0
2 24 19
t 1702 1.550387596899225
m 0 18
0 34 7
1 13 0
2 25 19
t 1701 1.550387596899225
m 0 18
0 34 6
1 14 0
2 24 19
t 1700 1.550387596899225
m 0 18
0 34 5
1 13 0
2 25 19
t 1699 1.550387596899225
m 0 17
0 34 6
1 14 0
2 24 19
t 1698 1.550387596899225
m 0 16
0 34 5
1 13 0
2 25 19
t 1697 1.550387596899225
m 0 15
0 34 6
1 14 0
2 26 19
t 1696 2.3255813953488373
m 1 15
0 34 7
1 15 0
2 27 19
t 1695 2.3255813953488373
m 2 15
0 34 8
1 14 0
2 28 19
t 1694 2.3255813953488373
m 1 15
0 33 8
1 15 0
2 29 19
t 1693 2.3255813953488373
m 1 15
0 32 8
1 16 0
2 30 19
t 1692 2.3255813953488373
m 2 15
0 33 8
1 15 0
2 29 19
t 1691 2.3255813953488373
m 3 15
0 32 8
1 14 0
2 28 19
t 1690 3.10077519379845
m 4 15
0 33 8
1 15 0
2 27 19
t 1689 3.10077519379845
m 4 15
0 32 8
1 14 0
2 28 19
t 1688 3.10077519379845
m 5 15
0 31 8
1 15 0
2 29 19
t 1687 3.10077519379845
m 6 15
0 32 8
1 14 0
2 30 19
t 1686 3.875968992248062
m 7 15
0 33 8
1 13 0
2 29 19
t 1685 3.875968992248062
m 7 15
0 34 8
1 12 0
2 30 19
t 1684 3.875968992248062
m 6 15
0 33 8
1 11 0
2 31 19
t 1683 3.875968992248062
m 5 15
0 34 8
1 12 0
2 32 19
t 1682 3.875968992248062
m 4 15
0 33 8
1 13 0
2 31 19
t 1681 3.875968992248062
m 5 15
0 32 8
1 14 0
2 32 19
t 1680 3.875968992248062
m 4 15
0 31 8
1 13 0
2 31 19
t 1679 3.875968992248062
m 5 15
0 30 8
1 14 0
2 30 19
t 1678 3.875968992248062
m 5 15
0 31 8
1 15 0
2 29 19
t 1677 3.875968992248062
m 5 15
0 31 9
1 14 0
2 28 19
f 34 19
t 1676 3.875968992248062
m 6 15
0 31 8
1 13 0
2 29 19
t 1675 3.875968992248062
m 5 15
0 32 8
1 14 0
2 28 19
t 1674 3.875968992248062
m 6 15
0 33 8
1 13 0
2 27 19
t 1673 3.875968992248062
m 5 15
0 32 8
1 12 0
2 26 19
t 1672 3.875968992248062
m 5 15
0 31 8
1 13 0
2 25 19
t 1671 3.875968992248062
m 5 15
0 31 7
1 12 0
2 26 19
t 1670 3.875968992248062
m 5 15
0 31 6
1 13 0
2 25 19
t 1669 3.875968992248062
m 5 15
0 30 6
1 12 0
2 24 19
t 1668 3.875968992248062
m 5 15
0 29 6
1 11 0
2 25 19
t 1667 3.875968992248062
m 6 15
0 30 6
1 12 0
2 26 19
t 1666 3.875968992248062
m 7 15
0 31 6
1 13 0
2 27 19
t 1665 3.875968992248062
m 6 15
0 31 7
1 14 0
2 28 19
t 1664 3.875968992248062
m 7 15
0 31 8
1 13 0
2 29 19
t 1663 3.875968992248062
m 8 15
0 31 7
1 14 0
2 30 19
t 1662 3.875968992248062
m 8 14
0 31 6
1 13 0
2 31 19
t 1661 3.875968992248062
m 8 13
0 31 7
1 12 0
2 30 19
t 1660 4.651162790697675
m 8 13
0 31 8
1 13 0
2 29 19
t 1659 4.651162790697675
m 8 13
0 31 7
1 12 0
2 28 19
t 1658 4.651162790697675
m 9 13
0 31 8
1 11 0
2 27 19
t 1657 4.651162790697675
m 10 13
0 31 7
1 10 0
2 26 19
t 1656 4.651162790697675
m 11 13
0 31 8
1 9 0
2 25 19
t 1655 5.426356589147287
m 10 13
0 31 9
1 8 0
2 24 19
t 1654 5.426356589147287
m 10 13
0 31 10
1 9 0
2 23 19
t 1653 5.426356589147287
m 11 13
0 31 11
1 10 0
2 22 19
t 1652 5.426356589147287
m 12 13
0 31 10
1 9 0
2 23 19
t 1651 5.426356589147287
m 13 13
0 31 9
1 10 0
2 24 19
t 1650 5.426356589147287
m 13 13
0 31 10
1 11 0
2 23 19
t 1649 5.426356589147287
m 12 13
0 31 11
1 12 0
2 24 19
t 1648 5.426356589147287
m 11 13
0 31 10
1 13 0
2 23 19
t 1647 5.426356589147287
m 11 12
0 31 11
1 12 0
2 22 19
t 1646 5.426356589147287
m 11 13
0 30 11
1 13 0
2 21 19
t 1645 5.426356589147287
m 11 13
0 31 11
1 12 0
2 22 19
t 1644 5.426356589147287
m 11 12
0 32 11
1 13 0
2 23 19
t 1643 5.426356589147287
m 11 13
0 33 11
1 14 0
2 22 19
t 1642 5.426356589147287
m 10 13
0 34 11
1 13 0
2 23 19
t 1641 5.426356589147287
m 9 13
0 33 11
1 14 0
2 24 19
t 1640 5.426356589147287
m 9 13
0 34 11
1 15 0
2 25 19
t 1639 5.426356589147287
m 10 13
0 33 11
1 14 0
2 26 19
t 1638 5.426356589147287
m 11 13
0 32 11
1 13 0
2 27 19
t 1637 5.426356589147287
m 10 13
0 32 12
1 14 0
2 26 19
t 1636 5.426356589147287
m 11 13
0 32 13
1 13 0
2 25 19
t 1635 5.426356589147287
m 11 13
0 32 14
1 14 0
2 26 19
t 1634 5.426356589147287
m 12 13
0 32 13
1 15 0
2 25 19
t 1633 5.426356589147287
m 11 13
0 32 14
1 16 0
2 24 19
t 1632 5.426356589147287
m 12 13
0 32 13
1 16 1
2 25 19
t 1631 5.426356589147287
m 12 13
0 32 12
1 16 0
2 26 19
t 1630 5.426356589147287
m 13 13
0 32 13
1 15 0
2 25 19
t 1629 5.426356589147287
m 13 12
0 31 13
1 16 0
2 26 19
t 1628 5.426356589147287
m 13 12
0 32 13
1 15 0
2 25 19
t 1627 5.426356589147287
m 13 13
0 32 14
1 16 0
2 24 19
t 1626 5.426356589147287
m 14 13
0 32 13
1 16 1
2 23 19
t 1625 6.2015503875969
m 13 13
0 31 13
1 16 0
2 24 19
t 1624 6.2015503875969
m 13 12
0 30 13
1 15 0
2 23 19
t 1623 6.2015503875969
m 13 11
0 31 13
1 16 0
2 22 19
t 1622 6.976744186046512
m 13 11
0 32 13
1 16 1
2 21 19
t 1621 6.976744186046512
m 14 11
0 31 13
1 16 2
2 22 19
t 1620 6.976744186046512
m 15 11
0 32 13
1 16 1
2 23 19
t 1619 6.976744186046512
m 16 11
0 32 12
1 16 0
2 22 19
t 1618 7.751937984496124
m 15 11
0 32 13
1 16 1
2 23 19
t 1617 7.751937984496124
m 15 11
0 32 12
1 16 2
2 24 19
t 1616 7.751937984496124
m 15 11
0 32 13
1 16 1
2 23 19
t 1615 7.751937984496124
m 14 11
0 32 14
1 16 2
2 24 19
t 1614 7.751937984496124
m 14 11
0 32 15
1 15 2
2 23 19
t 1613 7.751937984496124
m 13 11
0 31 15
1 16 2
2 22 19
t 1612 7.751937984496124
m 13 12
0 30 15
1 15 2
2 23 19
t 1611 7.751937984496124
m 13 12
0 31 15
1 16 2
2 24 19
t 1610 7.751937984496124
m 13 13
0 32 15
1 16 1
2 25 19
t 1609 7.751937984496124
m 13 13
0 33 15
1 16 0
2 24 19
t 1608 7.751937984496124
m 13 12
0 32 15
1 16 1
2 23 19
t 1607 7.751937984496124
m 13 12
0 32 14
1 16 2
2 24 19
t 1606 7.751937984496124
m 13 11
0 32 13
1 15 2
2 25 19
t 1605 7.751937984496124
m 13 11
0 31 13
1 16 2
2 26 19
t 1604 7.751937984496124
m 13 11
0 30 13
1 16 1
2 27 19
t 1603 7.751937984496124
m 13 12
0 29 13
1 16 2
2 26 19
t 1602 7.751937984496124
m 13 12
0 28 13
1 15 2
2 25 19
t 1601 7.751937984496124
m 13 13
0 27 13
1 16 2
2 26 19
t 1600 7.751937984496124
m 14 13
0 26 13
1 15 2
2 27 19
t 1599 7.751937984496124
m 14 13
0 26 14
1 14 2
2 27 18
t 1598 7.751937984496124
m 13 13
0 26 13
1 13 2
2 27 17
t 1597 7.751937984496124
m 13 13
0 26 14
1 12 2
2 27 18
t 1596 7.751937984496124
m 13 13
0 26 15
1 11 2
2 27 19
t 1595 7.751937984496124
m 13 13
0 27 15
1 12 2
2 27 18
t 1594 7.751937984496124
m 13 13
0 28 15
1 11 2
2 27 19
t 1593 7.751937984496124
m 14 13
0 27 15
1 10 2
2 28 19
t 1592 7.751937984496124
m 13 13
0 26 15
1 9 2
2 27 19
t 1591 7.751937984496124
m 12 13
0 27 15
1 9 3
2 27 18
t 1590 7.751937984496124
m 12 13
0 26 15
1 9 4
2 27 19
t 1589 7.751937984496124
m 12 13
0 25 15
1 9 3
2 27 18
t 1588 7.751937984496124
m 11 13
0 24 15
1 9 2
2 27 17
t 1587 7.751937984496124
m 12 13
0 23 15
1 9 3
2 27 18
t 1586 7.751937984496124
m 11 13
0 24 15
1 9 2
2 27 19
t 1585 7.751937984496124
m 11 13
0 23 15
1 9 3
2 26 19
t 1584 7.751937984496124
m 11 12
0 22 15
1 9 4
2 25 19
t 1583 7.751937984496124
m 11 13
0 23 15
1 9 5
2 24 19
t 1582 7.751937984496124
m 10 13
0 22 15
1 9 4
2 25 19
t 1581 7.751937984496124
m 9 13
0 22 16
1 9 3
2 26 19
t 1580 7.751937984496124
m 10 13
0 22 15
1 8 3
2 25 19
t 1579 7.751937984496124
m 10 13
0 22 16
1 9 3
2 26 19
t 1578 7.751937984496124
m 9 13
0 22 17
1 8 3
2 27 19
t 1577 7.751937984496124
m 9 13
0 22 16
1 9 3
2 28 19
t 1576 7.751937984496124
m 10 13
0 22 15
1 9 4
2 27 19
t 1575 7.751937984496124
m 9 13
0 22 16
1 9 3
2 27 18
t 1574 7.751937984496124
m 8 13
0 22 17
1 8 3
2 27 19
t 1573 7.751937984496124
m 8 14
0 22 16
1 9 3
2 27 18
t 1572 7.751937984496124
m 8 13
0 22 15
1 9 2
2 27 19
t 1571 7.751937984496124
m 7 13
0 21 15
1 9 3
2 28 19
t 1570 7.751937984496124
m 6 13
0 22 15
1 9 2
2 27 19
t 1569 7.751937984496124
m 7 13
0 23 15
1 9 3
2 28 19
t 1568 7.751937984496124
m 6 13
0 24 15
1 9 2
2 29 19
t 1567 7.751937984496124
m 6 13
0 23 15
1 10 2
2 28 19
t 1566 7.751937984496124
m 6 13
0 22 15
1 11 2
2 29 19
t 1565 7.751937984496124
m 7 13
0 21 15
1 12 2
2 28 19
t 1564 7.751937984496124
m 6 13
0 22 15
1 11 2
2 27 19
t 1563 7.751937984496124
m 5 13
0 22 16
1 10 2
2 28 19
t 1562 8.527131782945736
m 5 13
0 22 15
1 9 2
2 27 19
t 1561 8.527131782945736
m 4 13
0 23 15
1 10 2
2 28 19
t 1560 8.527131782945736
m 5 13
0 22 15
1 9 2
2 29 19
t 1559 8.527131782945736
m 6 13
0 21 15
1 10 2
2 30 19
t 1558 8.527131782945736
m 6 13
0 20 15
1 11 2
2 31 19
t 1557 8.527131782945736
m 7 13
0 21 15
1 10 2
2 30 19
t 1556 8.527131782945736
m 6 13
0 22 15
1 11 2
2 29 19
t 1555 8.527131782945736
m 6 13
0 22 16
1 12 2
2 30 19
t 1554 8.527131782945736
m 5 13
0 22 15
1 13 2
2 29 19
t 1553 8.527131782945736
m 5 13
0 21 15
1 12 2
2 30 19
t 1552 8.527131782945736
m 6 13
0 20 15
1 13 2
2 29 19
t 1551 8.527131782945736
m 5 13
0 19 15
1 14 2
2 28 19
t 1550 8.527131782945736
m 5 13
0 20 15
1 13 2
2 27 19
t 1549 8.527131782945736
m 6 13
0 21 15
1 12 2
2 26 19
t 1548 8.527131782945736
m 5 13
0 22 15
1 11 2
2 27 19
t 1547 8.527131782945736
m 5 13
0 23 15
1 12 2
2 26 19
t 1546 8.527131782945736
m 4 13
0 24 15
1 11 2
2 25 19
t 1545 8.527131782945736
m 5 13
0 23 15
1 12 2
2 24 19
t 1544 8.527131782945736
m 6 13
0 24 15
1 11 2
2 23 19
t 1543 8.527131782945736
m 7 13
0 25 15
1 10 2
2 22 19
t 1542 8.527131782945736
m 6 13
0 26 15
1 9 2
2 23 19
t 1541 8.527131782945736
m 7 13
0 25 15
1 9 3
2 22 19
t 1540 8.527131782945736
m 7 13
0 26 15
1 8 3
2 23 19
t 1539 8.527131782945736
m 7 13
0 27 15
1 9 3
2 24 19
t 1538 8.527131782945736
m 6 13
0 28 15
1 8 3
2 25 19
t 1537 8.527131782945736
m 6 13
0 27 15
1 9 3
2 26 19
t 1536 8.527131782945736
m 5 13
0 26 15
1 9 4
2 25 19
t 1535 8.527131782945736
m 6 13
0 27 15
1 9 5
2 26 19
t 1534 8.527131782945736
m 6 13
0 28 15
1 9 6
2 25 19
t 1533 8.527131782945736
m 5 13
0 29 15
1 9 7
2 26 19
t 1532 8.527131782945736
m 5 13
0 30 15
1 10 7
2 25 19
t 1531 8.527131782945736
m 6 13
0 29 15
1 9 7
2 26 19
t 1530 8.527131782945736
m 7 13
0 30 15
1 10 7
2 27 19
t 1529 8.527131782945736
m 8 13
0 29 15
1 9 7
2 28 19
t 1528 8.527131782945736
m 8 14
0 28 15
1 9 6
2 27 19
t 1527 8.527131782945736
m 8 13
0 29 15
1 9 5
2 26 19
t 1526 8.527131782945736
m 8 14
0 28 15
1 9 6
2 27 19
t 1525 8.527131782945736
m 8 14
0 27 15
1 9 7
2 26 19
t 1524 8.527131782945736
m 8 14
0 26 15
1 10 7
2 25 19
t 1523 8.527131782945736
m 8 14
0 27 15
1 9 7
2 24 19
t 1522 8.527131782945736
m 8 13
0 26 15
1 9 6
2 23 19
t 1521 8.527131782945736
m 7 13
0 26 14
1 9 7
2 24 19
t 1520 8.527131782945736
m 6 13
0 26 15
1 10 7
2 25 19
t 1519 8.527131782945736
m 5 13
0 25 15
1 11 7
2 24 19
t 1518 8.527131782945736
m 4 13
0 26 15
1 12 7
2 23 19
t 1517 8.527131782945736
m 3 13
0 27 15
1 11 7
2 22 19
t 1516 8.527131782945736
m 4 13
0 28 15
1 12 7
2 23 19
t 1515 8.527131782945736
m 4 13
0 29 15
1 13 7
2 22 19
t 1514 8.527131782945736
m 3 13
0 30 15
1 12 7
2 21 19
t 1513 8.527131782945736
m 2 13
0 29 15
1 11 7
2 22 19
t 1512 9.30232558139535
m 3 13
0 30 15
1 12 7
2 21 19
t 1511 9.30232558139535
m 2 13
0 29 15
1 13 7
2 22 19
t 1510 9.30232558139535
m 2 13
0 30 15
1 12 7
2 23 19
t 1509 9.30232558139535
m 3 13
0 29 15
1 11 7
2 24 19
t 1508 9.30232558139535
m 3 13
0 30 15
1 12 7
2 25 19
t 1507 9.30232558139535
m 4 13
0 29 15
1 13 7
2 24 19
t 1506 9.30232558139535
m 4 13
0 30 15
1 13 8
2 23 19
t 1505 9.30232558139535
m 4 13
0 31 15
1 13 7
2 22 19
t 1504 9.30232558139535
m 4 13
0 32 15
1 13 8
2 23 19
t 1503 9.30232558139535
m 5 13
0 32 14
1 13 9
2 24 19
t 1502 9.30232558139535
m 5 13
0 32 15
1 14 9
2 23 19
t 1501 9.30232558139535
m 5 13
0 32 14
1 13 9
2 22 19
t 1500 9.30232558139535
m 4 13
0 32 15
1 13 8
2 21 19
t 1499 9.30232558139535
m 5 13
0 31 15
1 13 7
2 22 19
t 1498 9.30232558139535
m 5 13
0 32 15
1 13 8
2 21 19
t 1497 9.30232558139535
m 5 13
0 31 15
1 13 7
2 20 19
t 1496 9.30232558139535
m 5 13
0 30 15
1 14 7
2 19 19
t 1495 9.30232558139535
m 4 13
0 29 15
1 13 7
2 20 19
t 1494 9.30232558139535
m 3 13
0 28 15
1 12 7
2 21 19
t 1493 9.30232558139535
m 2 13
0 29 15
1 13 7
2 20 19
t 1492 9.30232558139535
m 3 13
0 28 15
1 13 8
2 19 19
t 1491 9.30232558139535
m 4 13
0 29 15
1 13 9
2 18 19
t 1490 9.30232558139535
m 5 13
0 28 15
1 13 10
2 18 18
t 1489 9.30232558139535
m 5 13
0 27 15
1 13 11
2 18 19
t 1488 9.30232558139535
m 4 13
0 28 15
1 13 10
2 19 19
t 1487 9.30232558139535
m 4 13
0 29 15
1 13 9
2 20 19
t 1486 9.30232558139535
m 5 13
0 28 15
1 13 8
2 21 19
t 1485 9.30232558139535
m 4 13
0 27 15
1 13 7
2 22 19
t 1484 9.30232558139535
m 5 13
0 28 15
1 12 7
2 21 19
t 1483 9.30232558139535
m 6 13
0 29 15
1 11 7
2 22 19
t 1482 9.30232558139535
m 6 13
0 28 15
1 11 8
2 21 19
t 1481 9.30232558139535
m 7 13
0 29 15
1 11 7
2 22 19
t 1480 9.30232558139535
m 8 13
0 30 15
1 10 7
2 21 19
t 1479 9.30232558139535
m 8 13
0 31 15
1 11 7
2 20 19
t 1478 9.30232558139535
m 8 13
0 32 15
1 11 8
2 21 19
t 1477 9.30232558139535
m 9 13
0 32 14
1 11 7
2 20 19
t 1476 9.30232558139535
m 10 13
0 32 13
1 12 7
2 19 19
t 1475 9.30232558139535
m 10 13
0 32 14
1 11 7
2 18 19
t 1474 9.30232558139535
m 11 13
0 32 13
1 10 7
2 18 18
t 1473 9.30232558139535
m 12 13
0 31 13
1 9 7
2 18 17
t 1472 9.30232558139535
m 11 13
0 30 13
1 10 7
2 19 17
t 1471 9.30232558139535
m 10 13
0 31 13
1 11 7
2 18 17
t 1470 9.30232558139535
m 10 13
0 30 13
1 11 8
2 17 17
t 1469 9.30232558139535
m 11 13
0 29 13
1 11 9
2 18 17
t 1468 9.30232558139535
m 11 12
0 28 13
1 10 9
2 18 18
t 1467 9.30232558139535
m 11 13
0 29 13
1 9 9
2 18 19
t 1466 9.30232558139535
m 11 12
0 28 13
1 10 9
2 19 19
t 1465 9.30232558139535
m 11 12
0 27 13
1 9 9
2 18 19
t 1464 9.30232558139535
m 11 11
0 26 13
1 10 9
2 18 18
t 1463 9.30232558139535
m 11 12
0 25 13
1 11 9
2 18 17
t 1462 9.30232558139535
m 11 11
0 26 13
1 11 10
2 17 17
t 1461 9.30232558139535
m 10 11
0 27 13
1 11 11
2 16 17
t 1460 10.077519379844961
m 10 11
0 28 13
1 11 10
2 15 17
t 1459 10.077519379844961
m 9 11
0 27 13
1 11 9
2 14 17
t 1458 10.077519379844961
m 8 11
0 26 13
1 11 10
2 15 17
t 1457 10.077519379844961
m 9 11
0 27 13
1 11 11
2 16 17
t 1456 10.077519379844961
m 8 11
0 28 13
1 11 10
2 16 18
t 1455 10.077519379844961
m 7 11
0 27 13
1 11 11
2 16 17
t 1454 10.852713178294573
m 7 11
0 26 13
1 11 10
2 15 17
t 1453 10.852713178294573
m 8 11
0 25 13
1 11 11
2 14 17
t 1452 10.852713178294573
m 7 11
0 24 13
1 11 12
2 13 17
t 1451 10.852713178294573
m 7 11
0 25 13
1 11 13
2 14 17
t 1450 10.852713178294573
m 8 11
0 24 13
1 12 13
2 13 17
t 1449 10.852713178294573
m 9 11
0 25 13
1 13 13
2 12 17
t 1448 10.852713178294573
m 9 11
0 26 13
1 13 12
2 13 17
t 1447 10.852713178294573
m 9 11
0 25 13
1 13 11
2 12 17
t 1446 10.852713178294573
m 9 11
0 26 13
1 13 10
2 12 16
t 1445 10.852713178294573
m 8 11
0 27 13
1 13 9
2 12 17
t 1444 10.852713178294573
m 8 11
0 26 13
1 14 9
2 12 16
t 1443 10.852713178294573
m 9 11
0 27 13
1 13 9
2 12 17
t 1442 10.852713178294573
m 10 11
0 26 13
1 13 10
2 13 17
t 1441 10.852713178294573
m 11 11
0 27 13
1 13 9
2 12 17
t 1440 10.852713178294573
m 11 11
0 26 13
1 13 10
2 11 17
t 1439 10.852713178294573
m 11 11
0 25 13
1 13 11
2 12 17
t 1438 10.852713178294573
m 11 12
0 24 13
1 13 10
2 12 16
t 1437 10.852713178294573
m 11 11
0 23 13
1 13 9
2 12 17
t 1436 10.852713178294573
m 11 11
0 22 13
1 14 9
2 13 17
t 1435 10.852713178294573
m 11 11
0 23 13
1 15 9
2 14 17
t 1434 10.852713178294573
m 10 11
0 24 13
1 14 9
2 15 17
t 1433 10.852713178294573
m 10 11
0 23 13
1 15 9
2 16 17
t 1432 10.852713178294573
m 10 11
0 22 13
1 16 9
2 16 16
t 1431 10.852713178294573
m 9 11
0 23 13
1 17 9
2 16 15
t 1430 10.852713178294573
m 9 11
0 22 13
1 16 9
2 16 16
t 1429 10.852713178294573
m 9 11
0 21 13
1 17 9
2 16 17
t 1428 10.852713178294573
m 9 11
0 21 12
1 18 9
2 16 16
t 1427 10.852713178294573
m 10 11
0 21 13
1 19 9
2 16 17
t 1426 10.852713178294573
m 11 11
0 22 13
1 20 9
2 17 17
t 1425 10.852713178294573
m 11 10
0 23 13
1 19 9
2 18 17
t 1424 11.627906976744185
m 11 10
0 23 12
1 18 9
2 18 18
t 1423 11.627906976744185
m 11 11
0 23 13
1 17 9
2 18 19
t 1422 11.627906976744185
m 11 11
0 22 13
1 16 9
2 19 19
t 1421 11.627906976744185
m 11 11
0 23 13
1 15 9
2 18 19
t 1420 11.627906976744185
m 11 12
0 24 13
1 14 9
2 19 19
t 1419 11.627906976744185
m 11 11
0 23 13
1 13 9
2 18 19
t 1418 11.627906976744185
m 11 11
0 24 13
1 13 10
2 18 18
t 1417 11.627906976744185
m 11 10
0 25 13
1 13 11
2 18 17
t 1416 11.627906976744185
m 11 9
0 26 13
1 13 12
2 18 16
t 1415 11.627906976744185
m 11 9
0 25 13
1 13 13
2 18 17
t 1414 11.627906976744185
m 11 8
0 24 13
1 13 12
2 18 16
t 1413 11.627906976744185
m 11 7
0 25 13
1 13 11
2 18 17
t 1412 12.4031007751938
m 11 8
0 26 13
1 13 10
2 18 18
t 1411 12.4031007751938
m 11 9
0 26 14
1 13 9
2 18 17
t 1410 12.4031007751938
m 11 10
0 26 15
1 13 8
2 17 17
t 1409 12.4031007751938
m 11 9
0 25 15
1 13 7
2 16 17
t 1408 12.4031007751938
m 10 9
0 26 15
1 14 7
2 16 16
t 1407 12.4031007751938
m 11 9
0 25 15
1 15 7
2 16 17
t 1406 12.4031007751938
m 11 10
0 26 15
1 16 7
2 16 18
t 1405 12.4031007751938
m 11 9
0 25 15
1 15 7
2 16 19
t 1404 12.4031007751938
m 11 9
0 26 15
1 14 7
2 15 19
t 1403 12.4031007751938
m 11 10
0 27 15
1 13 7
2 16 19
t 1402 12.4031007751938
m 11 11
0 28 15
1 13 8
2 15 19
t 1401 12.4031007751938
m 11 12
0 27 15
1 13 9
2 14 19
t 1400 12.4031007751938
m 11 11
0 26 15
1 14 9
2 13 19
t 1399 12.4031007751938
m 11 11
0 25 15
1 15 9
2 14 19
t 1398 12.4031007751938
m 11 12
0 24 15
1 16 9
2 15 19
t 1397 12.4031007751938
m 11 12
0 25 15
1 17 9
2 16 19
t 1396 12.4031007751938
m 11 13
0 24 15
1 16 9
2 15 19
t 1395 12.4031007751938
m 11 12
0 23 15
1 17 9
2 14 19
t 1394 12.4031007751938
m 11 12
0 22 15
1 18 9
2 15 19
t 1393 12.4031007751938
m 11 11
0 21 15
1 17 9
2 14 19
t 1392 12.4031007751938
m 11 10
0 22 15
1 17 10
2 15 19
t 1391 12.4031007751938
m 11 10
0 21 15
1 17 11
2 14 19
t 1390 12.4031007751938
m 11 9
0 22 15
1 17 10
2 13 19
t 1389 12.4031007751938
m 11 10
0 23 15
1 17 11
2 14 19
t 1388 12.4031007751938
m 11 9
0 22 15
1 17 10
2 15 19
t 1387 12.4031007751938
m 11 8
0 23 15
1 17 9
2 14 19
t 1386 12.4031007751938
m 11 7
0 22 15
1 17 10
2 15 19
t 1385 12.4031007751938
m 10 7
0 21 15
1 17 11
2 16 19
t 1384 12.4031007751938
m 9 7
0 22 15
1 17 10
2 15 19
t 1383 12.4031007751938
m 10 7
0 21 15
1 17 9
2 14 19
t 1382 12.4031007751938
m 10 7
0 22 15
1 16 9
2 15 19
t 1381 12.4031007751938
m 10 7
0 21 15
1 17 9
2 14 19
t 1380 12.4031007751938
m 10 7
0 20 15
1 18 9
2 15 19
t 1379 12.4031007751938
m 11 7
0 21 15
1 17 9
2 16 19
t 1378 12.4031007751938
m 12 7
0 22 15
1 18 9
2 16 18
t 1377 12.4031007751938
m 11 7
0 22 16
1 17 9
2 16 17
t 1376 12.4031007751938
m 11 8
0 22 17
1 18 9
2 16 18
t 1375 12.4031007751938
m 11 9
0 21 17
1 17 9
2 16 19
t 1374 12.4031007751938
m 11 8
0 22 17
1 16 9
2 15 19
t 1373 12.4031007751938
m 11 7
0 22 16
1 17 9
2 16 19
t 1372 12.4031007751938
m 10 7
0 22 17
1 17 10
2 15 19
t 1371 12.4031007751938
m 10 7
0 21 17
1 17 11
2 14 19
t 1370 12.4031007751938
m 11 7
0 20 17
1 16 11
2 13 19
t 1369 12.4031007751938
m 11 8
0 19 17
1 17 11
2 14 19
t 1368 12.4031007751938
m 11 7
0 20 17
1 18 11
2 15 19
t 1367 12.4031007751938
m 12 7
0 21 17
1 17 11
2 14 19
t 1366 12.4031007751938
m 11 7
0 20 17
1 16 11
2 15 19
t 1365 12.4031007751938
m 11 7
0 21 17
1 15 11
2 16 19
t 1364 12.4031007751938
m 12 7
0 20 17
1 14 11
2 15 19
t 1363 12.4031007751938
m 12 7
0 19 17
1 13 11
2 14 19
t 1362 12.4031007751938
m 11 7
0 18 17
1 13 12
2 15 19
t 1361 12.4031007751938
m 11 7
0 17 17
1 13 11
2 16 19
t 1360 12.4031007751938
m 12 7
0 18 17
1 13 10
2 15 19
t 1359 12.4031007751938
m 11 7
0 17 17
1 13 11
2 16 19
t 1358 12.4031007751938
m 10 7
0 18 17
1 13 12
2 15 19
t 1357 12.4031007751938
m 10 7
0 17 17
1 13 13
2 16 19
t 1356 12.4031007751938
m 10 7
0 16 17
1 12 13
2 15 19
t 1355 12.4031007751938
m 11 7
0 17 17
1 11 13
2 14 19
t 1354 12.4031007751938
m 11 7
0 18 17
1 11 12
2 13 19
t 1353 12.4031007751938
m 12 7
0 17 17
1 11 13
2 12 19
t 1352 12.4031007751938
m 13 7
0 18 17
1 10 13
2 13 19
t 1351 12.4031007751938
m 13 8
0 18 18
1 9 13
2 12 19
t 1350 13.178294573643411
m 13 8
0 18 17
1 10 13
2 13 19
t 1349 13.178294573643411
m 13 8
0 18 18
1 9 13
2 14 19
t 1348 13.178294573643411
m 13 8
0 18 19
1 8 13
2 15 19
t 1347 13.178294573643411
m 13 8
0 18 18
1 7 13
2 16 19
t 1346 13.178294573643411
m 13 8
0 18 19
1 8 13
2 15 19
t 1345 13.178294573643411
m 13 9
0 19 19
1 8 14
2 16 19
t 1344 13.178294573643411
m 13 10
0 18 19
1 8 13
2 15 19
t 1343 13.178294573643411
m 13 11
0 19 19
1 8 14
2 14 19
t 1342 13.178294573643411
m 13 12
0 20 19
1 8 15
2 15 19
t 1341 13.178294573643411
m 13 13
0 19 19
1 7 15
2 14 19
t 1340 13.178294573643411
m 13 12
0 18 19
1 6 15
2 13 19
t 1339 13.178294573643411
m 13 11
0 19 19
1 7 15
2 12 19
t 1338 13.178294573643411
m 13 11
0 20 19
1 6 15
2 11 19
t 1337 13.178294573643411
m 13 11
0 19 19
1 7 15
2 12 19
t 1336 13.178294573643411
m 13 12
0 20 19
1 8 15
2 11 19
t 1335 13.178294573643411
m 13 11
0 21 19
1 9 15
2 12 19
t 1334 13.178294573643411
m 13 11
0 22 19
1 8 15
2 13 19
t 1333 13.178294573643411
m 14 11
0 21 19
1 7 15
2 12 19
t 1332 13.178294573643411
m 15 11
0 22 19
1 6 15
2 11 19
t 1331 13.178294573643411
m 16 11
0 23 19
1 7 15
2 12 19
t 1330 13.178294573643411
m 17 11
0 22 19
1 6 15
2 11 19
t 1329 13.178294573643411
m 18 11
0 23 19
1 5 15
2 10 19
t 1328 13.178294573643411
m 17 11
0 22 19
1 6 15
2 9 19
t 1327 13.178294573643411
m 16 11
0 21 19
1 5 15
2 10 19
t 1326 13.178294573643411
m 15 11
0 20 19
1 6 15
2 9 19
t 1325 13.178294573643411
m 16 11
0 19 19
1 7 15
2 8 19
t 1324 13.178294573643411
m 17 11
0 20 19
1 8 15
2 7 19
t 1323 13.178294573643411
m 18 11
0 21 19
1 7 15
2 8 19
t 1322 13.178294573643411
m 19 11
0 22 19
1 6 15
2 7 19
t 1321 13.953488372093023
m 19 11
0 23 19
1 7 15
2 7 18
t 1320 13.953488372093023
m 18 11
0 24 19
1 8 15
2 7 17
t 1319 13.953488372093023
m 19 11
0 23 19
1 9 15
2 6 17
t 1318 13.953488372093023
m 20 11
0 22 19
1 10 15
2 5 17
t 1317 13.953488372093023
m 19 11
0 23 19
1 9 15
2 4 17
t 1316 13.953488372093023
m 18 11
0 24 19
1 10 15
2 3 17
t 1315 13.953488372093023
m 19 11
0 25 19
1 11 15
2 4 17
t 1314 13.953488372093023
m 19 11
0 24 19
1 10 15
2 3 17
t 1313 13.953488372093023
m 18 11
0 23 19
1 9 15
2 2 17
t 1312 13.953488372093023
m 18 11
0 24 19
1 10 15
2 2 16
t 1311 13.953488372093023
m 18 11
0 25 19
1 9 15
2 2 15
t 1310 13.953488372093023
m 18 11
0 24 19
1 8 15
2 1 15
t 1309 13.953488372093023
m 19 11
0 23 19
1 8 14
2 2 15
t 1308 13.953488372093023
m 20 11
0 22 19
1 8 15
2 2 16
t 1307 13.953488372093023
m 20 11
0 23 19
1 8 14
2 2 15
t 1306 13.953488372093023
m 21 11
0 22 19
1 8 15
2 2 14
t 1305 13.953488372093023
m 21 11
0 21 19
1 8 14
2 2 15
t 1304 13.953488372093023
m 20 11
0 20 19
1 8 13
2 2 16
t 1303 13.953488372093023
m 20 11
0 21 19
1 7 13
2 2 15
t 1302 13.953488372093023
m 21 11
0 20 19
1 8 13
2 1 15
t 1301 13.953488372093023
m 21 11
0 19 19
1 7 13
2 2 15
t 1300 13.953488372093023
m 21 11
0 18 19
1 8 13
2 2 14
t 1299 13.953488372093023
m 20 11
0 18 18
1 9 13
2 2 15
t 1298 13.953488372093023
m 20 11
0 18 19
1 8 13
2 2 16
t 1297 13.953488372093023
m 20 11
0 19 19
1 9 13
2 2 17
t 1296 13.953488372093023
m 19 11
0 20 19
1 10 13
2 2 16
t 1295 13.953488372093023
m 19 11
0 19 19
1 11 13
2 2 17
t 1294 13.953488372093023
m 18 11
0 18 19
1 12 13
2 2 16
t 1293 13.953488372093023
m 18 11
0 19 19
1 11 13
2 2 15
t 1292 13.953488372093023
m 19 11
0 18 19
1 11 12
2 2 14
t 1291 13.953488372093023
m 18 11
0 18 18
1 11 11
2 2 13
t 1290 13.953488372093023
m 18 11
0 18 17
1 11 10
2 2 14
t 1289 13.953488372093023
m 19 11
0 18 18
1 11 9
2 2 13
t 1288 13.953488372093023
m 20 11
0 18 19
1 11 10
2 3 13
t 1287 13.953488372093023
m 19 11
0 18 18
1 11 11
2 4 13
t 1286 13.953488372093023
m 19 11
0 18 17
1 11 12
2 3 13
t 1285 13.953488372093023
m 18 11
0 19 17
1 11 11
2 2 13
t 1284 13.953488372093023
m 17 11
0 20 17
1 10 11
2 2 14
t 1283 13.953488372093023
m 17 10
0 21 17
1 11 11
2 2 13
t 1282 14.728682170542635
m 17 11
0 22 17
1 10 11
2 2 14
t 1281 14.728682170542635
m 17 11
0 22 16
1 11 11
2 2 13
t 1280 14.728682170542635
m 16 11
0 22 17
1 11 10
2 3 13
t 1279 14.728682170542635
m 17 11
0 23 17
1 11 11
2 2 13
t 1278 14.728682170542635
m 16 11
0 24 17
1 11 10
2 2 14
t 1277 14.728682170542635
m 15 11
0 23 17
1 11 9
2 2 15
t 1276 14.728682170542635
m 15 11
0 24 17
1 10 9
2 3 15
t 1275 14.728682170542635
m 14 11
0 25 17
1 9 9
2 4 15
t 1274 14.728682170542635
m 15 11
0 24 17
1 8 9
2 3 15
t 1273 14.728682170542635
m 14 11
0 25 17
1 7 9
2 4 15
t 1272 14.728682170542635
m 15 11
0 26 17
1 6 9
2 5 15
t 1271 14.728682170542635
m 14 11
0 25 17
1 6 10
2 6 15
t 1270 14.728682170542635
m 15 11
0 24 17
1 6 11
2 7 15
t 1269 14.728682170542635
m 16 11
0 23 17
1 5 11
2 6 15
t 1268 14.728682170542635
m 17 11
0 22 17
1 4 11
2 5 15
t 1267 14.728682170542635
m 18 11
0 21 17
1 3 11
2 4 15
t 1266 14.728682170542635
m 18 11
0 22 17
1 2 11
2 3 15
t 1265 14.728682170542635
m 17 11
0 22 16
1 3 11
2 2 15
t 1264 14.728682170542635
m 17 10
0 22 17
1 3 10
2 2 16
t 1263 14.728682170542635
m 17 11
0 21 17
1 3 11
2 2 15
t 1262 14.728682170542635
m 16 11
0 20 17
1 2 11
2 3 15
t 1261 14.728682170542635
m 16 11
0 21 17
1 1 11
2 4 15
t 1260 14.728682170542635
m 17 11
0 20 17
1 0 11
2 5 15
t 1259 14.728682170542635
m 16 11
0 21 17
1 1 11
2 4 15
t 1258 14.728682170542635
m 16 11
0 20 17
1 0 11
2 3 15
t 1257 14.728682170542635
m 15 11
0 19 17
1 1 11
2 2 15
t 1256 14.728682170542635
m 14 11
0 20 17
1 0 11
2 3 15
t 1255 14.728682170542635
m 14 11
0 19 17
1 1 11
2 4 15
t 1254 14.728682170542635
m 14 11
0 18 17
1 0 11
2 3 15
t 1253 14.728682170542635
m 15 11
0 18 16
1 0 12
2 4 15
t 1252 14.728682170542635
m 15 11
0 18 15
1 0 13
2 3 15
t 1251 14.728682170542635
m 15 11
0 19 15
1 0 12
2 2 15
t 1250 14.728682170542635
m 15 11
0 18 15
1 0 11
2 1 15
t 1249 14.728682170542635
m 14 11
0 18 14
1 1 11
2 2 15
t 1248 14.728682170542635
m 15 11
0 17 14
1 0 11
2 3 15
t 1247 14.728682170542635
m 15 11
0 16 14
1 0 12
2 2 15
t 1246 14.728682170542635
m 14 11
0 16 13
1 0 13
2 3 15
t 1245 14.728682170542635
m 15 11
0 15 13
1 0 14
2 4 15
t 1244 14.728682170542635
m 14 11
0 14 13
1 0 13
2 5 15
t 1243 14.728682170542635
m 15 11
0 15 13
1 0 14
2 6 15
t 1242 14.728682170542635
m 16 11
0 16 13
1 0 15
2 5 15
t 1241 14.728682170542635
m 15 11
0 15 13
1 1 15
2 4 15
t 1240 14.728682170542635
m 14 11
0 14 13
1 2 15
2 3 15
t 1239 14.728682170542635
m 13 11
0 15 13
1 1 15
2 2 15
t 1238 14.728682170542635
m 13 10
0 14 13
1 2 15
2 1 15
t 1237 14.728682170542635
m 13 9
0 13 13
1 1 15
2 2 15
t 1236 14.728682170542635
m 13 9
0 13 12
1 2 15
2 2 16
t 1235 14.728682170542635
m 14 9
0 13 11
1 2 14
2 2 15
t 1234 14.728682170542635
m 13 9
0 14 11
1 2 13
2 3 15
t 1233 14.728682170542635
m 13 9
0 13 11
1 3 13
2 2 15
t 1232 14.728682170542635
m 13 9
0 14 11
1 4 13
2 2 16
t 1231 14.728682170542635
m 13 10
0 13 11
1 5 13
2 2 15
t 1230 14.728682170542635
m 13 11
0 14 11
1 4 13
2 2 14
t 1229 14.728682170542635
m 13 11
0 15 11
1 3 13
2 2 15
t 1228 14.728682170542635
m 13 12
0 14 11
1 2 13
2 1 15
t 1227 14.728682170542635
m 13 12
0 13 11
1 2 14
2 0 15
t 1226 14.728682170542635
0 13 12
1 2 13
2 1 15
t 1225 -55.27131782945737
